153.2523956715595	-76.69500149646774
153.86137394118123	-76.71459378115833
154.26890568004455	-76.72820462007076
155.07838443934452	-76.75457943789661
156.32014469307614	-76.80007351702079
157.14463810162852	-76.82994259893894
158.5080719391117	-76.8793658153154
159.52648929762654	-76.91655148565769
160.54048160708044	-76.95334805408493
161.54788212111453	-76.99008358828723
162.89700321567943	-77.03993405168876
163.90257267194102	-77.0664538256824
164.81642154918518	-77.01450528018177
165.72384647547733	-76.94023312395439
166.7903900545789	-76.85225094668567
167.86515812191647	-76.76400174153969
168.66891483520158	-76.71226681675762
169.4105987966177	-76.71000851690769
170.4483032626449	-76.69833554094657
171.04789737879764	-76.69092739885673
172.16464237531181	-76.67838467704132
173.5512543123914	-76.67470730468631
174.41639713651966	-76.67391384905204
175.26474003045587	-76.6964434501715
176.23303226724965	-76.72257412504405
177.09370426519308	-76.74805630696937
177.83535770641174	-76.7659167163074
178.51376346766483	-76.74917782843113
179.26814273989294	-76.73428525216877
179.8268280426273	-76.72421444673091
180.34361271152738	-76.714273347985
180.81800846307306	-76.71879757940769
181.20091251516715	-76.72080410970375
181.6934509690036	-76.72144497698173
182.65539554820862	-76.72486294666305
183.8518524573883	-76.73167599691078
184.67854313045973	-76.73755826149136
185.9181366377743	-76.74622524902225
187.05754093331052	-76.75285519659519
188.17877201386727	-76.75988186663017
189.19320682820398	-76.7661761152558
190.43835453223437	-76.77392758382484
191.66960148169892	-76.78160275099799
192.69541935203597	-76.78753079473972
193.70172123261727	-76.79312313720584
194.8410034587141	-76.80043210182339
196.07327274692943	-76.8091753856279
197.21260074857855	-76.81763638369739
198.33222965581808	-76.82607449498028
199.47026066033868	-76.83477963227779
200.49572757899296	-76.84267605794594
201.63522343005752	-76.85139645356685
203.00242618774064	-76.86194790480658
203.91395572922193	-76.86892117466778
205.16705326281954	-76.87863339018077
206.1924438884016	-76.88653744570911
207.44587711658096	-76.89616574347019
208.58493046090007	-76.90497769322246
209.72483829816338	-76.91381253348663
210.6361542151426	-76.92099941940978
212.00276188045973	-76.93180264486
213.1420135917142	-76.94084347365424
214.2814484052942	-76.94976223539561
215.53497318469454	-76.9595202319324
216.54762272152584	-76.96767605515197
217.41967777605169	-76.97451199358329
218.22232059849193	-76.98124112188816
218.87797550542746	-76.98689450044185
219.45477299042977	-76.99174679908901
220.24345401936444	-76.99875821080059
221.30824283789843	-77.00734890671447
222.2492218420375	-76.94437588751316
222.91934208071325	-76.76440609851852
223.3842926424113	-76.52859677141532
223.76567081618123	-76.31138028064743
224.16915897687431	-76.10408962611109
224.52778629621025	-75.92723263334483
225.01216129469685	-75.68744076834992
225.47575382504147	-75.43488491792232
225.7492828781833	-75.2373904120177
225.9927063403884	-75.0160235306248
226.24302677391097	-74.79791439836845
226.74418644275283	-74.39608944905922
227.4050903719617	-73.87256802245975
227.4050903719617	-73.26895321952179
228.17111210071016	-73.26895321952179
229.01008610089775	-72.60860623046756
229.93205265305005	-71.72621334763244
230.43891910731327	-70.9527224409394
230.7274017740856	-70.33287991816178
230.93121342000086	-69.86696804780513
231.0788116871263	-69.4607027885504
231.23866275977343	-69.04031551908702
231.32765201863367	-68.70162380719557
231.36210636328906	-68.15239132801071
231.30157474754378	-67.70053280610591
231.29885868431302	-67.15562619222328
231.30187992448919	-66.81931485282257
231.31037906964775	-65.9788073413074
231.3171997483587	-64.9921740423888
231.3178558765212	-63.7111033317633
231.31976322532864	-62.58693875325844
231.31976322532864	-61.71707714674994
231.32304386491887	-60.92789257969707
231.32304386491887	-59.70608319155872
231.33213810203597	-58.581029785797
231.32550053007435	-57.68032635189593
231.2229614664684	-56.77770031616092
231.02384952805005	-56.194177521858364
230.650161783793	-55.6313723474741
230.30924991861684	-55.22297848621383
229.97213749203365	-54.81607617205009
229.97213749203365	-54.284799471031874
229.53645328746643	-54.284799471031874
228.70199589116964	-53.2683390523307
228.03073124133516	-52.4531535054557
227.3676758230431	-51.687147034332156
226.68469242262654	-51.08990277117118
226.08862308674725	-50.7923029800877
225.51463322038762	-50.630437745247036
225.1195373943774	-50.52388180419803
224.50418094918132	-50.35185040580109
224.50418094918132	-50.03628338500857
223.3739777029259	-50.03628338500857
222.3641052658204	-49.76073635881767
221.13407902035397	-49.503377807326615
220.01193241297733	-49.33292568894103
218.99325565597974	-49.240114104468375
217.62902836117428	-49.18453014967963
216.71942142827902	-49.14399136416614
215.46910099254455	-49.08824719209224
214.44610599731095	-49.04271878069267
213.42309574305546	-48.99727810965851
212.0594025061	-48.93669690005481
210.92314152105246	-48.8861063872464
209.78657535923412	-48.85112179396674
208.6516876622918	-48.90538205206394
207.40213016816415	-48.96809185668826
206.37962345406413	-49.01856793370098
205.3570709625492	-49.06902493163943
204.10733036266174	-49.13070477172732
202.8576660552062	-49.192396056838334
201.9485168873216	-49.228479279670864
200.81231693463633	-49.20697202114388
199.4474182530539	-49.18356503080577
198.4238586827414	-49.166433225385845
197.4000244550407	-49.14942349353805
196.14904789195862	-49.12868298590183
194.89775089442264	-49.107999694533646
193.98829655064037	-49.093126186169684
192.7368011874496	-49.07261456409469
191.71330265386496	-49.05595578067005
190.4626923004398	-49.035730252508074
189.43919376598205	-49.019250764511526
188.30238346382976	-49.00107373204082
187.16520694980863	-48.982919588219374
186.027740519261	-48.964807404670864
184.77630619204137	-48.944898498244584
183.52590946509736	-48.925172701478004
182.61592106043827	-48.91072262916714
181.36570743913762	-48.890714537817985
180.3424072675407	-48.87438382161781
179.09182743355632	-48.8540095211938
177.83981327334186	-48.834760560654104
176.81611637491733	-48.81833446864039
175.79272465076065	-48.802118194289505
174.54023746750318	-48.78217877121642
173.1760864656535	-48.7616137387231
172.26432804437354	-48.747697725426406
171.24159244738985	-48.73193157976493
170.1048279212555	-48.71413220325485
168.73995975684375	-48.69244946073741
167.71705631539226	-48.67610348574817
166.80725101707503	-48.661546600516886
165.32958988344762	-48.63785732910037
164.42001346917823	-48.623311888892204
163.28303531988058	-48.6052149659954
161.8043671066407	-48.58170117298141
161.0089874670375	-48.56900967564434
159.87161258980632	-48.55092800734565
158.62100223766174	-48.53095425385982
157.48434452316724	-48.512861146591604
156.46090702235233	-48.496511354111135
155.21023563563358	-48.47657193010673
154.0731048991438	-48.45846737595275
153.16340641258284	-48.44393337937072
151.79821781499777	-48.42214382905513
150.7751770436298	-48.40582455787808
149.6379242343246	-48.387544526252896
148.38742069463478	-48.36739147827029
147.25038151047193	-48.3491877457127
146.34059147135122	-48.3345583784394
144.97550968430005	-48.31264675874263
143.83815006609075	-48.29432476963848
142.92831424891483	-48.27963818376884
141.56376651953906	-48.25751294149086
140.42648319446016	-48.23887432878837
139.51647953258362	-48.224119081161916
138.15277103730477	-48.25292385974899
137.03800968517317	-48.45813549635932
136.06114200840238	-48.76301754871383
134.97769169224193	-49.11355770705268
133.89375309215393	-49.46257580583915
133.89375309215393	-49.84624661086127
132.70214847836178	-49.84624661086127
131.62979130033636	-50.22440899722278
130.81686405371875	-50.62527645891532
130.81686405371875	-51.469724545720965
129.76179508579662	-51.469724545720965
129.11076358973514	-52.387029542122036
128.70150760910474	-53.32084835926071
128.2788696703501	-54.61811245791614
127.92740635265363	-55.70141781447455
127.64569095906336	-56.56733502075076
127.33103184076026	-57.54135311907157
127.33103184076026	-58.75546063296497
126.79363254888449	-59.98065365664661
126.58884433936328	-60.98324002092704
126.3450775561505	-62.208524596877396
126.23052982485387	-63.22133816592395
126.22068790788762	-64.35728634661064
126.21473697957117	-65.49536313069984
126.20740513061173	-66.63258542027324
126.19924930878915	-67.88151730317622
126.1911240031477	-69.01997555652633
126.18416599580087	-69.93263424793258
126.18416599580087	-71.18198574660346
126.16424564673798	-72.20704830763862
126.1543350626016	-73.45887173479423
126.1413879795	-74.82690609572455
126.13545231171884	-75.73697079904377
126.12746433564462	-76.76191128464416
126.11682132969145	-78.12819088809192
126.11682132969145	-79.04086483689025
126.10240177391097	-80.38397396868095
126.10240177391097	-81.52209653053433
126.08779148326721	-82.43625821080059
126.07572941185208	-83.57229794422165
126.0615921432618	-84.71254910482094
126.05017093988135	-85.73575771925971
126.03400425298605	-87.09227932523936
126.03400425298605	-88.11392392218113
126.01045231107855	-89.14521206729114
126.00025181099772	-90.39877499453723
126.02011875458993	-91.51599301071838
126.16059116506949	-92.52948178444058
126.45767215930391	-93.74636257765815
126.73538211989217	-94.85251034703106
127.00845340988599	-95.9418429271318
127.00845340988599	-97.04458035482094
127.2854843554669	-98.32811917504296
127.68608097336255	-98.32811917504296
128.0895538732293	-99.14792813314125
128.7795563141699	-100.04441250674427
129.61106876604026	-100.82319821277633
129.61106876604026	-101.48572720540687
130.53488163265865	-101.48572720540687
131.56581119867042	-101.96361721958965
132.77937320957426	-102.21555508300662
133.8981018482009	-102.14982785051689
133.8981018482009	-101.84829129045829
134.9865570482798	-101.84829129045829
136.05163578363135	-101.44532193150371
136.91990665806225	-101.17151058837771
138.04473880998557	-101.00486935582012
139.3925476486329	-101.15287960832939
140.58010868297424	-101.52572811720893
141.42884830757976	-101.82851589936763
142.26550297089852	-102.12781704729423
143.39314274175558	-102.42605007858947
144.37286381004378	-102.58948697010055
145.27239994244883	-102.71710385242477
146.55346683692187	-102.89809597702697
147.56558231683448	-103.04207791294903
148.68116764369188	-103.20113552873954
149.90405277418904	-103.37619961146265
151.23638920026133	-103.56736935535446
152.23936466436135	-103.71147335832939
153.24932865449227	-103.85594357550144
154.36502079339698	-103.95002163760364
155.38648990960792	-104.00115383928642
156.61853031476494	-104.0709246522747
157.7518616138841	-104.08648099098355
158.77276615484152	-104.00670040678233
160.0080719406251	-103.90742672653869
161.25822452787543	-103.80753506347537
162.38357548060594	-103.7198809524998
163.28134159289766	-103.6949633504264
164.51884464471368	-103.68500698870048
165.63233951939037	-103.66896237200126
166.6403351231711	-103.65681637404487
167.9792938651517	-103.64068783354014
169.10134891746566	-103.62733639823273
170.22987369913608	-103.61506069777533
171.12693790602498	-103.60643948288634
172.49896244355477	-103.59330929722637
173.63612369791372	-103.58276547212154
174.5552673744969	-103.57225979631767
175.90608219383284	-103.55591763369739
177.03433231718373	-103.54142178595066
178.1580810948508	-103.52607144415379
179.06929020240204	-103.5137652293779
180.30245975661092	-103.56840695301071
181.64262394304387	-103.7849825755693
182.53358463477343	-103.93904293933883
183.5370026039891	-104.09883297653869
184.77476505504455	-104.17035092320293
185.78810123784933	-104.19888486061245
187.02178959100274	-104.23406399600208
188.14465336175635	-104.26700772251934
189.15510563203134	-104.2981509086676
190.27804569562431	-104.33400143263862
191.40278629679233	-104.37237728806213
192.75137333082967	-104.41970241907984
193.75839237403125	-104.4560793787241
194.77120975824073	-104.49346341006458
196.00621036777738	-104.53949154634029
197.02622990007512	-104.57788266194984
198.14611820544815	-104.61905087297782
199.26272586989217	-104.62056149588898
200.4654083660571	-104.43763912795112
201.41842655499931	-104.13847531331703
202.11172489321325	-103.88578213378787
202.5734863692196	-103.71087826555595
203.3416901032906	-103.415483369492
204.15638736984693	-103.10166348423809
205.23315433855169	-102.6849993634969
206.5031738677062	-102.19121731631458
207.3686676437501	-101.85276974225417
208.01541141793132	-101.59919918840751
208.44432071899064	-101.43232907075435
209.05467228172347	-101.17964352294803
209.4524078781251	-100.95730008045211
209.71781925513642	-100.78428067173809
210.27230839029653	-100.4572085281834
210.96838382980786	-100.04888332821429
211.82170109107392	-99.55404080497101
212.68774418212706	-99.03725613327697
213.2185058989562	-98.62642849935219
213.2185058989562	-98.21177853178233
213.59118656325154	-98.21177853178233
213.85757450433448	-97.7228869353421
213.9599914967548	-97.29540432663634
213.94387821340933	-96.74883450195193
213.93396000174107	-96.32668484468013
213.94952396693407	-95.8061846634373
214.02139286336023	-95.28873624000698
214.0486145435134	-94.97223080461845
214.09898380644154	-94.38780392613262
214.09898380644154	-93.61558712646365
214.2269287505187	-92.9183062473312
214.2269287505187	-92.07546414295211
214.3940887863282	-90.95032681245357
214.40087894618046	-90.22194851888344
214.26350406976417	-89.40218533482403
214.26350406976417	-88.84822262451053
213.62251285713864	-88.4371737362817
213.34709171578288	-88.2402285435237
213.04051212512422	-88.05031002825126
212.75326542183757	-87.86635769996792
212.5333557528793	-87.54134548828006
212.05274967377773	-87.34192074555904
211.7050781667931	-87.07755459612235
211.34457401558757	-86.80410946626216
211.00216678914148	-86.54484738269821
210.64295963570476	-86.27461422793567
210.25917057326296	-86.03288448881358
209.907699626463	-85.87986172456294
209.4050140787731	-85.79452694905922
208.97247318562586	-85.87497128313407
208.6339111729758	-86.05309475865215
208.3985748697305	-86.24180020438507
207.9875488698599	-86.54232967970893
207.65727238048567	-86.76442898530513
207.28691105172038	-86.99167813453823
206.96891788800713	-87.17888058442622
206.76081852102652	-87.44202603120357
206.0927887375001	-87.67539395112544
205.78718570945784	-87.85132016101852
205.2448425698094	-88.16265286458656
205.2448425698094	-88.70278347842395
204.3022156166844	-88.70278347842395
203.3283234045375	-89.25799740618095
202.46942142781336	-89.73449123976752
202.46942142781336	-90.04191006533802
201.79113773535937	-90.04191006533802
200.83410648588324	-90.25281704962254
200.34790043049725	-90.2138918787241
199.8227386889048	-90.02121151750907
199.4866180816898	-89.77202023100108
199.22599796473514	-89.49935330310836
199.06753544032108	-89.13173092482612
198.7011413971195	-88.95451535284519
198.26679996680468	-88.57235897891223
197.99661259027198	-88.33414639392868
197.73590091895312	-88.10363186849281
197.46052555425558	-87.81643856922165
197.09994510986144	-87.41228665504605
196.8371124669793	-87.09218777669594
196.6246185702039	-86.7795733353123
196.53773502621334	-86.443635832984
196.2010651040473	-86.1841219807975
195.94697574782185	-85.72458065999672
195.87455753574613	-85.3184527293779
195.7750397133641	-84.97388638462871
195.71134952874854	-84.1870898171328
195.41596988920355	-83.65799130359665
195.2389069000492	-83.03837765706703
195.2389069000492	-82.10167111456394
194.63050846464466	-80.91269863955677
194.3497009689454	-79.90799130452797
194.06503300037002	-78.89013089146465
193.84193424368277	-78.22313870536163
193.53549198422115	-77.64079464925453
193.1573791904375	-77.19687832752243
192.83810428972356	-76.96608914341778
192.44009403447853	-76.80896939057857
191.92985538835637	-76.78660763660446
191.58438114449382	-76.80616177339107
190.88317875139182	-76.80117215355858
190.2306061203126	-76.77250088565052
189.5766601972282	-76.74128903215751
188.69641117251012	-76.70179928699508
187.6307678638841	-76.65663326950744
186.5712738437578	-76.61858548037708
185.22795109136496	-76.57187832798809
184.34645084670046	-76.54139889683574
183.61425785394385	-76.49081601481885
182.947952311486	-76.42496670736
182.40325931704137	-76.37581051839516
181.94989017688204	-76.3214815966785
181.50312809244497	-76.22170437360182
180.9573212080868	-76.12195767415687
180.68284611066338	-75.96929349005222
180.30569461989217	-75.88086117524654
180.04084781795973	-75.65449704043567
179.8539734283695	-75.34638394089416
179.74078373174416	-75.05206478666514
179.5894775800989	-74.58335293410346
179.35310367844068	-74.23240078892559
179.05192570068175	-74.23240078892559
178.60934452235233	-73.70069302618504
178.35365299426485	-73.31420315615833
178.18737797049107	-72.95775021472946
178.18737797049107	-72.56481350818649
178.06498722394463	-72.2565935999155
178.01123051019385	-71.75400723330677
177.95394901477266	-71.45418728794903
177.84071354183834	-70.87655819766223
177.84071354183834	-70.01887692324817
177.4680176191032	-68.97802914585918
177.28547672589775	-68.05491055361927
177.28547672589775	-66.9381502987817
177.01802067051176	-65.69205654831603
176.91110233555082	-64.57779873861
176.81306461570784	-63.55682171601802
176.6952972826548	-62.32970608538017
176.58670048083877	-61.19647778198123
176.46929935750086	-59.9685343648307
176.3720550944563	-58.949148072395474
176.27479557390325	-57.92801083577797
176.16737369872862	-56.79686916898936
176.04910282383207	-55.551031006034464
175.9522552889539	-54.53165997425094
175.83309940691106	-53.28413952793926
175.6743622237118	-52.05000103916973
175.45324711024296	-51.20707501284778
175.06044010462938	-50.40157116577029
174.57875065220287	-49.881193053908646
174.0303192550782	-49.6146487146616
173.59205631585792	-49.55676449928433
173.20327762747183	-49.57711590593681
172.67112735903356	-49.621824158355594
172.13533024000935	-49.617353334091604
171.6482849533204	-49.606153384782374
170.93330387305468	-49.59506406029686
170.17903141328134	-49.58861340302974
169.061782877543	-49.5851458418183
168.2749176438665	-49.58218563720584
167.35171512840316	-49.57874096883461
166.13789371668827	-49.57758129667491
165.11997989879455	-49.57924832124263
164.09294132434297	-49.58065212890506
163.25756839977112	-49.580663576722145
162.2381134434836	-49.58168972842395
161.00228886009427	-49.584447756875306
159.63735966011882	-49.58699597045779
158.7275848791469	-49.58854855410755
157.7044220388052	-49.59035671968013
156.56727604096523	-49.59239377034828
155.43037418695167	-49.594346893019974
154.17991642310517	-49.59647549362853
152.92854313191492	-49.5986880203709
151.79135135863908	-49.6006449572742
150.76809696503915	-49.60243786685169
149.51722721371334	-49.604627503082156
148.3802032872336	-49.60642804019153
147.47044376621488	-49.607961545698345
146.3333740644157	-49.60984982457012
145.3098602691898	-49.61152447434142
143.94490055233473	-49.613691221922636
142.80740360438358	-49.61556805297732
141.6700745036942	-49.61740292562172
140.41903690504842	-49.61924923816696
139.4177246504696	-49.620717896614224
138.4816131987609	-49.62200344866142
137.65167240443407	-49.62262142915279
137.0451660558465	-49.62320507830009
136.5922546799411	-49.62838925328106
136.24835209042067	-49.66043652500957
135.7874756270321	-49.77404965739697
135.31292728707194	-50.01656140387058
134.89013676036848	-50.24864376708865
134.5078125402797	-50.442766084801406
134.1438446457032	-50.606016052886844
133.78791813226417	-50.721551787573844
133.27903751604026	-50.86318768328056
132.9038238938665	-50.98944271961227
132.44863895646995	-51.14131725905463
131.81573490425944	-51.35641278279945
130.9165649813367	-51.659936799202114
130.027725261054	-51.99804104678333
129.29148868733319	-52.433088194578886
128.78726200351957	-52.97971905441955
128.5876312656328	-53.39170254673809
128.50205997633748	-53.80943859834224
128.50205997633748	-54.12936581205577
128.45449833071325	-54.70605267304927
128.41870121331885	-55.47107495320961
128.23754886852112	-56.272470369469374
128.10740665742196	-57.271261111367494
127.97821048926562	-58.311178099829704
127.97821048926562	-59.56086910935119
127.71575931913685	-60.463224307633936
127.55051426240243	-61.817693604156375
127.55051426240243	-62.71840848121792
127.30939487752039	-63.79433239903301
127.2228165086126	-64.49489010917023
127.08103183913045	-65.70436276076362
127.08103183913045	-66.79446591157466
126.84397129248828	-67.83791531343013
126.76288608717732	-68.5298708784394
126.70448307343759	-69.04005612246692
126.6427841593395	-69.55737484712154
126.60116581176408	-69.90613736165687
126.60116581176408	-70.53319729911163
126.4152985032415	-71.4102496067062
126.26636509137461	-72.70528592029586
126.26636509137461	-73.62607754440978
126.07678989588749	-74.38979519763961
125.98125461844029	-75.21074093878269
125.92915348266251	-75.65621365513653
125.87278751732083	-76.12742031691596
125.87278751732083	-76.56184567464516
